C:\Users\VideoSample.mp4
Duration(s): 17.26667 | Frame count: 519 | Initial Frame: 1 | Rotation: 0°

Applied Parameters
Gray Scale - Minor: 100 | Major: 255 | CannyThreshold: 40 | ThresholdLinking: 20
Image treatment: Blur | P.S.: Not applicable if no image treatment was used.
Blur - Width: 5 | Height: 5 | Size Median: 5 | kGauss: 5
Calibration Index: 250 | Factor: 5
PosTime	FrameNo	iniX (px)	iniY (px)	Height (nm)	Width (nm)	Ret. Area (nm2)	Elip. Area (nm2)	Height (px)	Width (px)	Ret. Area (px2)	Elip. Area (px2)
33.26911	0	9	7	0.988	1.9	469.3	368.588	247	475	117325	92147
66.53821	1	8	8	0.984	1.904	468.384	367.868	246	476	117096	91967
99.80732	2	8	8	0.984	1.904	468.384	367.868	246	476	117096	91967
133.07643	3	3	3	1.016	1.924	488.696	383.82	254	481	122174	95955
166.34554	4	3	3	1.016	1.924	488.696	383.82	254	481	122174	95955
199.61464	5	3	3	1.016	1.924	488.696	383.82	254	481	122174	95955
232.88375	6	3	3	1.044	1.924	502.164	394.4	261	481	125541	98600
266.15286	7	3	4	1.04	1.924	500.24	392.888	260	481	125060	98222
299.42197	8	3	4	1.04	1.924	500.24	392.888	260	481	125060	98222
332.69107	9	7	3	1.04	1.932	502.32	394.52	260	483	125580	98630
365.96018	10	3	4	1.036	1.948	504.532	396.26	259	487	126133	99065
399.22929	11	3	4	1.036	1.952	505.568	397.072	259	488	126392	99268
432.49839	12	7	3	1.04	1.932	502.32	394.52	260	483	125580	98630
465.7675	13	3	3	1.008	1.924	484.848	380.8	252	481	121212	95200
499.03661	14	3	3	1.008	1.924	484.848	380.8	252	481	121212	95200
532.30572	15	3	3	1.008	1.924	484.848	380.8	252	481	121212	95200
565.57482	16	3	3	1.008	1.924	484.848	380.8	252	481	121212	95200
598.84393	17	3	3	1.028	1.924	494.468	388.356	257	481	123617	97089
632.11304	18	3	4	1.024	1.924	492.544	386.844	256	481	123136	96711
665.38215	19	3	4	1.024	1.924	492.544	386.844	256	481	123136	96711
698.65125	20	3	4	1.024	1.924	492.544	386.844	256	481	123136	96711
731.92036	21	3	6	1.016	1.932	490.728	385.416	254	483	122682	96354
765.18947	22	3	5	1.008	1.932	486.864	382.384	252	483	121716	95596
798.45857	23	3	5	1.008	1.92	483.84	380.008	252	480	120960	95002
831.72768	24	3	6	1.004	1.924	482.924	379.288	251	481	120731	94822
864.99679	25	3	3	1.032	1.944	501.552	393.92	258	486	125388	98480
898.2659	26	3	3	1.032	1.944	501.552	393.92	258	486	125388	98480
931.535	27	3	3	1.032	1.944	501.552	393.92	258	486	125388	98480
964.80411	28	3	3	1.032	1.944	501.552	393.92	258	486	125388	98480
998.07322	29	3	3	1.016	1.944	493.776	387.812	254	486	123444	96953
1031.34232	30	3	3	1.016	1.944	493.776	387.812	254	486	123444	96953
1064.61143	31	16	3	1.04	1.84	478.4	375.736	260	460	119600	93934
1097.88054	32	28	0	1.052	1.716	451.308	354.456	263	429	112827	88614
1131.14965	33	30	0	1.096	1.692	463.608	364.116	274	423	115902	91029
1164.41875	34	35	0	1.104	1.664	459.264	360.704	276	416	114816	90176
1197.68786	35	38	0	1.112	1.652	459.256	360.7	278	413	114814	90175
1230.95697	36	38	0	1.092	1.652	450.996	354.212	273	413	112749	88553
1264.22608	37	40	0	1.124	1.656	465.336	365.476	281	414	116334	91369
1297.49518	38	36	0	1.112	1.684	468.152	367.684	278	421	117038	91921
1330.76429	39	29	0	1.128	1.772	499.704	392.468	282	443	124926	98117
1364.0334	40	23	3	1.04	1.836	477.36	374.916	260	459	119340	93729
1397.3025	41	13	7	1.024	1.912	489.472	384.432	256	478	122368	96108
1430.57161	42	8	7	1.012	1.912	483.736	379.924	253	478	120934	94981
1463.84072	43	6	5	1.016	1.948	494.792	388.608	254	487	123698	97152
1497.10983	44	7	9	1	1.924	481	377.776	250	481	120250	94444
1530.37893	45	3	6	1.02	1.928	491.64	386.132	255	482	122910	96533
1563.64804	46	3	6	1.02	1.928	491.64	386.132	255	482	122910	96533
1596.91715	47	5	8	0.996	1.92	478.08	375.484	249	480	119520	93871
1630.18626	48	5	8	1	1.928	482	378.56	250	482	120500	94640
1663.45536	49	3	4	1.016	1.928	489.712	384.62	254	482	122428	96155
1696.72447	50	3	4	1.016	1.928	489.712	384.62	254	482	122428	96155
1729.99358	51	3	4	1.016	1.928	489.712	384.62	254	482	122428	96155
1763.26268	52	3	4	1.016	1.928	489.712	384.62	254	482	122428	96155
1796.53179	53	3	4	1.012	1.928	487.784	383.104	253	482	121946	95776
1829.8009	54	3	7	1.008	1.928	485.856	381.592	252	482	121464	95398
1863.07001	55	3	4	1.02	1.928	491.64	386.132	255	482	122910	96533
1896.33911	56	4	4	1.02	1.924	490.62	385.332	255	481	122655	96333
1929.60822	57	3	4	1.028	1.924	494.468	388.356	257	481	123617	97089
1962.87733	58	3	4	1.028	1.924	494.468	388.356	257	481	123617	97089
1996.14644	59	3	4	1.028	1.924	494.468	388.356	257	481	123617	97089
2029.41554	60	8	3	1.016	1.904	483.616	379.832	254	476	120904	94958
2062.68465	61	3	3	1.02	1.924	490.62	385.332	255	481	122655	96333
2095.95376	62	3	3	1.036	1.924	498.316	391.376	259	481	124579	97844
2129.22286	63	3	3	1.044	1.924	502.164	394.4	261	481	125541	98600
2162.49197	64	3	3	1.044	1.924	502.164	394.4	261	481	125541	98600
2195.76108	65	3	5	1.032	1.924	496.392	389.864	258	481	124098	97466
2229.03019	66	3	5	1.028	1.924	494.468	388.356	257	481	123617	97089
2262.29929	67	3	5	1.028	1.924	494.468	388.356	257	481	123617	97089
2295.5684	68	3	5	1.028	1.924	494.468	388.356	257	481	123617	97089
2328.83751	69	8	6	1.024	1.908	488.448	383.628	256	477	122112	95907
2362.10662	70	8	6	1.024	1.912	489.472	384.432	256	478	122368	96108
2395.37572	71	8	6	1.024	1.916	490.496	385.236	256	479	122624	96309
2428.64483	72	8	6	1.024	1.916	490.496	385.236	256	479	122624	96309
2461.91394	73	7	6	1.024	1.916	490.496	385.236	256	479	122624	96309
2495.18304	74	7	6	1.024	1.916	490.496	385.236	256	479	122624	96309
2528.45215	75	7	6	1.004	1.916	480.916	377.712	251	479	120229	94428
2561.72126	76	7	5	1.008	1.916	482.832	379.216	252	479	120708	94804
2594.99037	77	8	6	1.004	1.928	483.928	380.076	251	482	120982	95019
2628.25947	78	8	6	1	1.928	482	378.56	250	482	120500	94640
2661.52858	79	8	3	1.016	1.928	489.712	384.62	254	482	122428	96155
2694.79769	80	8	3	1.016	1.928	489.712	384.62	254	482	122428	96155
2728.0668	81	7	3	1.012	1.932	488.796	383.9	253	483	122199	95975
2761.3359	82	7	3	1.012	1.924	486.772	382.308	253	481	121693	95577
2794.60501	83	7	3	1.012	1.924	486.772	382.308	253	481	121693	95577
2827.87412	84	7	3	1.012	1.924	486.772	382.308	253	481	121693	95577
2861.14322	85	7	3	1.012	1.908	482.724	379.132	253	477	120681	94783
2894.41233	86	7	3	1.012	1.912	483.736	379.924	253	478	120934	94981
2927.68144	87	7	3	1.012	1.912	483.736	379.924	253	478	120934	94981
2960.95055	88	7	3	1.012	1.904	481.712	378.336	253	476	120428	94584
2994.21965	89	16	3	1.008	1.852	466.704	366.548	252	463	116676	91637
3027.48876	90	26	0	1.056	1.736	458.304	359.952	264	434	114576	89988
3060.75787	91	28	0	1.1	1.696	466.4	366.308	275	424	116600	91577
3094.02697	92	33	0	1.1	1.672	459.8	361.128	275	418	114950	90282
3127.29608	93	37	0	1.128	1.652	465.864	365.888	282	413	116466	91472
3160.56519	94	39	0	1.14	1.644	468.54	367.992	285	411	117135	91998
3193.8343	95	39	0	1.132	1.652	467.516	367.188	283	413	116879	91797
3227.1034	96	35	0	1.124	1.688	474.328	372.536	281	422	118582	93134
3260.37251	97	26	0	1.084	1.78	482.38	378.86	271	445	120595	94715
3293.64162	98	17	3	1.036	1.852	479.668	376.732	259	463	119917	94183
3326.91073	99	12	6	1.012	1.896	479.688	376.748	253	474	119922	94187
3360.17983	100	8	3	1.036	1.912	495.208	388.936	259	478	123802	97234
3393.44894	101	6	7	1.04	1.92	499.2	392.072	260	480	124800	98018
3426.71805	102	6	8	1.012	1.92	485.76	381.516	253	480	121440	95379
3459.98715	103	5	8	1.012	1.924	486.772	382.308	253	481	121693	95577
3493.25626	104	5	8	1.012	1.924	486.772	382.308	253	481	121693	95577
3526.52537	105	4	8	1.012	1.932	488.796	383.9	253	483	122199	95975
3559.79448	106	4	8	1.004	1.928	483.928	380.076	251	482	120982	95019
3593.06358	107	4	8	1.008	1.928	485.856	381.592	252	482	121464	95398
3626.33269	108	4	8	1.008	1.928	485.856	381.592	252	482	121464	95398
3659.6018	109	6	10	0.992	1.924	477.152	374.756	248	481	119288	93689
3692.87091	110	6	10	1.024	1.924	492.544	386.844	256	481	123136	96711
3726.14001	111	6	7	1.036	1.924	498.316	391.376	259	481	124579	97844
3759.40912	112	4	10	1.016	1.96	497.84	391.004	254	490	124460	97751
3792.67823	113	3	5	1.016	1.932	490.728	385.416	254	483	122682	96354
3825.94733	114	3	5	1.016	1.932	490.728	385.416	254	483	122682	96354
3859.21644	115	3	4	1.02	1.932	492.66	386.936	255	483	123165	96734
3892.48555	116	3	4	1.02	1.932	492.66	386.936	255	483	123165	96734
3925.75466	117	4	6	1.012	1.924	486.772	382.308	253	481	121693	95577
3959.02376	118	4	6	1.012	1.924	486.772	382.308	253	481	121693	95577
3992.29287	119	4	6	1.012	1.924	486.772	382.308	253	481	121693	95577
4025.56198	120	3	5	1.036	1.928	499.352	392.192	259	482	124838	98048
4058.83109	121	3	4	1.028	1.928	495.496	389.16	257	482	123874	97290
4092.10019	122	3	4	1.028	1.928	495.496	389.16	257	482	123874	97290
4125.3693	123	3	4	1.028	1.928	495.496	389.16	257	482	123874	97290
4158.63841	124	3	4	1.028	1.928	495.496	389.16	257	482	123874	97290
4191.90751	125	3	5	1.024	1.928	493.568	387.648	256	482	123392	96912
4225.17662	126	3	5	1.032	1.928	497.424	390.676	258	482	124356	97669
4258.44573	127	3	5	1	1.928	482	378.56	250	482	120500	94640
4291.71484	128	3	5	1.004	1.928	483.928	380.076	251	482	120982	95019
4324.98394	129	3	4	1.036	1.928	499.352	392.192	259	482	124838	98048
4358.25305	130	3	5	1.032	1.928	497.424	390.676	258	482	124356	97669
4391.52216	131	3	5	1.032	1.928	497.424	390.676	258	482	124356	97669
4424.79127	132	3	4	1.036	1.928	499.352	392.192	259	482	124838	98048
4458.06037	133	3	5	1.012	1.924	486.772	382.308	253	481	121693	95577
4491.32948	134	3	6	1.008	1.924	484.848	380.8	252	481	121212	95200
4524.59859	135	3	6	1.008	1.924	484.848	380.8	252	481	121212	95200
4557.86769	136	3	6	1.008	1.924	484.848	380.8	252	481	121212	95200
4591.1368	137	3	4	1.016	1.924	488.696	383.82	254	481	122174	95955
4624.40591	138	3	4	1.016	1.924	488.696	383.82	254	481	122174	95955
4657.67502	139	3	4	1.016	1.924	488.696	383.82	254	481	122174	95955
4690.94412	140	3	4	1.04	1.928	501.28	393.704	260	482	125320	98426
4724.21323	141	3	4	1.024	1.932	494.592	388.452	256	483	123648	97113
4757.48234	142	3	4	1.016	1.932	490.728	385.416	254	483	122682	96354
4790.75145	143	3	4	1.016	1.932	490.728	385.416	254	483	122682	96354
4824.02055	144	3	6	1.008	1.932	486.864	382.384	252	483	121716	95596
4857.28966	145	3	4	1.016	1.928	489.712	384.62	254	482	122428	96155
4890.55877	146	3	4	1.016	1.928	489.712	384.62	254	482	122428	96155
4923.82787	147	14	4	1.04	1.868	485.68	381.452	260	467	121420	95363
4957.09698	148	27	1	1.084	1.744	472.624	371.2	271	436	118156	92800
4990.36609	149	33	0	1.08	1.676	452.52	355.408	270	419	113130	88852
5023.6352	150	35	0	1.112	1.664	462.592	363.32	278	416	115648	90830
5056.9043	151	38	0	1.116	1.652	460.908	361.996	279	413	115227	90499
5090.17341	152	40	0	1.112	1.644	457.032	358.952	278	411	114258	89738
5123.44252	153	40	0	1.124	1.652	464.212	364.592	281	413	116053	91148
5156.71162	154	37	0	1.1	1.676	460.9	361.992	275	419	115225	90498
5189.98073	155	29	0	1.092	1.764	481.572	378.224	273	441	120393	94556
5223.24984	156	18	1	1.072	1.86	498.48	391.504	268	465	124620	97876
5256.51895	157	12	5	1.036	1.896	491.064	385.68	259	474	122766	96420
5289.78805	158	11	7	1.004	1.904	477.904	375.344	251	476	119476	93836
5323.05716	159	8	6	1.02	1.912	487.56	382.928	255	478	121890	95732
5356.32627	160	8	6	1.016	1.912	485.648	381.428	254	478	121412	95357
5389.59538	161	7	5	1.008	1.916	482.832	379.216	252	479	120708	94804
5422.86448	162	7	5	1.012	1.916	484.748	380.72	253	479	121187	95180
5456.13359	163	7	5	1.012	1.916	484.748	380.72	253	479	121187	95180
5489.4027	164	3	4	1.016	1.932	490.728	385.416	254	483	122682	96354
5522.6718	165	3	7	1.008	1.932	486.864	382.384	252	483	121716	95596
5555.94091	166	3	7	1	1.932	483	379.348	250	483	120750	94837
5589.21002	167	3	7	1	1.932	483	379.348	250	483	120750	94837
5622.47913	168	3	6	1.008	1.932	486.864	382.384	252	483	121716	95596
5655.74823	169	3	3	1.02	1.928	491.64	386.132	255	482	122910	96533
5689.01734	170	3	3	1.02	1.932	492.66	386.936	255	483	123165	96734
5722.28645	171	3	7	1.004	1.932	484.932	380.864	251	483	121233	95216
5755.55556	172	3	7	1	1.932	483	379.348	250	483	120750	94837
5788.82466	173	3	5	1.012	1.932	488.796	383.9	253	483	122199	95975
5822.09377	174	3	5	1.012	1.936	489.808	384.696	253	484	122452	96174
5855.36288	175	3	6	1.008	1.936	487.872	383.172	252	484	121968	95793
5888.63198	176	3	6	1.008	1.936	487.872	383.172	252	484	121968	95793
5921.90109	177	3	6	1.008	1.932	486.864	382.384	252	483	121716	95596
5955.1702	178	3	6	1.008	1.932	486.864	382.384	252	483	121716	95596
5988.43931	179	3	6	1.008	1.932	486.864	382.384	252	483	121716	95596
6021.70841	180	3	3	1.024	1.932	494.592	388.452	256	483	123648	97113
6054.97752	181	4	3	1.008	1.924	484.848	380.8	252	481	121212	95200
6088.24663	182	4	3	1.008	1.924	484.848	380.8	252	481	121212	95200
6121.51574	183	4	3	1.008	1.924	484.848	380.8	252	481	121212	95200
6154.78484	184	4	3	1.008	1.924	484.848	380.8	252	481	121212	95200
6188.05395	185	3	5	1.02	1.928	491.64	386.132	255	482	122910	96533
6221.32306	186	3	5	1.012	1.928	487.784	383.104	253	482	121946	95776
6254.59216	187	3	3	1.02	1.936	493.68	387.736	255	484	123420	96934
6287.86127	188	3	3	1.032	1.936	499.488	392.296	258	484	124872	98074
6321.13038	189	3	3	1.032	1.924	496.392	389.864	258	481	124098	97466
6354.39949	190	3	3	1.032	1.924	496.392	389.864	258	481	124098	97466
6387.66859	191	3	3	1.032	1.924	496.392	389.864	258	481	124098	97466
6420.9377	192	3	5	1.032	1.924	496.392	389.864	258	481	124098	97466
6454.20681	193	3	5	1.02	1.924	490.62	385.332	255	481	122655	96333
6487.47592	194	3	5	1.02	1.924	490.62	385.332	255	481	122655	96333
6520.74502	195	3	5	1.02	1.924	490.62	385.332	255	481	122655	96333
6554.01413	196	3	5	1.02	1.924	490.62	385.332	255	481	122655	96333
6587.28324	197	3	5	1.012	1.924	486.772	382.308	253	481	121693	95577
6620.55234	198	3	5	1.02	1.924	490.62	385.332	255	481	122655	96333
6653.82145	199	3	5	1.024	1.928	493.568	387.648	256	482	123392	96912
6687.09056	200	3	5	1.024	1.928	493.568	387.648	256	482	123392	96912
6720.35967	201	2	3	1.024	1.928	493.568	387.648	256	482	123392	96912
6753.62877	202	2	3	1.024	1.928	493.568	387.648	256	482	123392	96912
6786.89788	203	2	3	1.016	1.928	489.712	384.62	254	482	122428	96155
6820.16699	204	3	3	1.016	1.924	488.696	383.82	254	481	122174	95955
6853.4361	205	15	5	1.028	1.852	475.964	373.82	257	463	118991	93455
6886.7052	206	29	1	1.072	1.724	462.032	362.88	268	431	115508	90720
6919.97431	207	29	0	1.076	1.696	456.224	358.316	269	424	114056	89579
6953.24342	208	34	0	1.104	1.668	460.368	361.572	276	417	115092	90393
6986.51252	209	38	0	1.132	1.648	466.384	366.296	283	412	116596	91574
7019.78163	210	38	0	1.116	1.648	459.792	361.12	279	412	114948	90280
7053.05074	211	40	0	1.116	1.648	459.792	361.12	279	412	114948	90280
7086.31985	212	37	0	1.14	1.68	478.8	376.048	285	420	119700	94012
7119.58895	213	29	0	1.072	1.764	472.752	371.3	268	441	118188	92825
7152.85806	214	27	4	1.044	1.808	471.888	370.62	261	452	117972	92655
7186.12717	215	13	4	1.04	1.9	494	387.988	260	475	123500	96997
7219.39627	216	10	6	1.012	1.908	482.724	379.132	253	477	120681	94783
7252.66538	217	5	5	1.02	1.92	489.6	384.532	255	480	122400	96133
7285.93449	218	6	6	1.016	1.916	486.664	382.224	254	479	121666	95556
7319.2036	219	6	3	1.036	1.916	496.244	389.748	259	479	124061	97437
7352.4727	220	6	3	1.036	1.92	497.28	390.564	259	480	124320	97641
7385.74181	221	5	5	1.012	1.92	485.76	381.516	253	480	121440	95379
7419.01092	222	5	5	1.012	1.92	485.76	381.516	253	480	121440	95379
7452.28003	223	5	5	1.032	1.92	495.36	389.056	258	480	123840	97264
7485.54913	224	4	5	1.012	1.924	486.772	382.308	253	481	121693	95577
7518.81824	225	9	4	1.032	1.904	491.232	385.812	258	476	122808	96453
7552.08735	226	4	4	1.032	1.924	496.392	389.864	258	481	124098	97466
7585.35645	227	4	4	1.016	1.924	488.696	383.82	254	481	122174	95955
7618.62556	228	3	3	1.02	1.964	500.82	393.344	255	491	125205	98336
7651.89467	229	4	3	1.012	1.92	485.76	381.516	253	480	121440	95379
7685.16378	230	4	5	1.004	1.92	481.92	378.5	251	480	120480	94625
7718.43288	231	4	5	1.004	1.92	481.92	378.5	251	480	120480	94625
7751.70199	232	4	5	1.004	1.92	481.92	378.5	251	480	120480	94625
7784.9711	233	3	7	1.024	1.924	492.544	386.844	256	481	123136	96711
7818.24021	234	3	7	1.024	1.924	492.544	386.844	256	481	123136	96711
7851.50931	235	3	7	1.024	1.924	492.544	386.844	256	481	123136	96711
7884.77842	236	3	7	1.024	1.924	492.544	386.844	256	481	123136	96711
7918.04753	237	3	4	1.036	1.952	505.568	397.072	259	488	126392	99268
7951.31663	238	3	4	1.032	1.952	503.616	395.54	258	488	125904	98885
7984.58574	239	3	4	1.008	1.952	491.904	386.34	252	488	122976	96585
8017.85485	240	3	4	1.024	1.924	492.544	386.844	256	481	123136	96711
8051.12396	241	3	3	1.028	1.924	494.468	388.356	257	481	123617	97089
8084.39306	242	3	3	1.028	1.924	494.468	388.356	257	481	123617	97089
8117.66217	243	3	3	1.028	1.924	494.468	388.356	257	481	123617	97089
8150.93128	244	3	3	1.028	1.924	494.468	388.356	257	481	123617	97089
8184.20039	245	3	5	1.02	1.924	490.62	385.332	255	481	122655	96333
8217.46949	246	3	5	1.02	1.924	490.62	385.332	255	481	122655	96333
8250.7386	247	3	3	1.028	1.924	494.468	388.356	257	481	123617	97089
8284.00771	248	3	3	1.028	1.924	494.468	388.356	257	481	123617	97089
8317.27681	249	3	5	1.012	1.924	486.772	382.308	253	481	121693	95577
8350.54592	250	3	5	1.012	1.924	486.772	382.308	253	481	121693	95577
8383.81503	251	3	3	1.024	1.924	492.544	386.844	256	481	123136	96711
8417.08414	252	3	3	1.024	1.924	492.544	386.844	256	481	123136	96711
8450.35324	253	3	3	1.02	1.924	490.62	385.332	255	481	122655	96333
8483.62235	254	3	3	1.016	1.924	488.696	383.82	254	481	122174	95955
8516.89146	255	3	3	1.016	1.924	488.696	383.82	254	481	122174	95955
8550.16057	256	3	3	1.016	1.924	488.696	383.82	254	481	122174	95955
8583.42967	257	3	3	1.012	1.924	486.772	382.308	253	481	121693	95577
8616.69878	258	3	3	1.02	1.924	490.62	385.332	255	481	122655	96333
8649.96789	259	3	3	1.02	1.924	490.62	385.332	255	481	122655	96333
8683.23699	260	3	3	1.02	1.924	490.62	385.332	255	481	122655	96333
8716.5061	261	2	3	1.028	1.928	495.496	389.16	257	482	123874	97290
8749.77521	262	2	3	1.012	1.928	487.784	383.104	253	482	121946	95776
8783.04432	263	12	3	1.012	1.884	476.652	374.36	253	471	119163	93590
8816.31342	264	25	0	1.052	1.744	458.672	360.24	263	436	114668	90060
8849.58253	265	34	0	1.092	1.672	456.456	358.5	273	418	114114	89625
8882.85164	266	39	0	1.132	1.644	465.252	365.408	283	411	116313	91352
8916.12075	267	37	0	1.152	1.652	475.776	373.672	288	413	118944	93418
8949.38985	268	39	0	1.148	1.648	472.976	371.476	287	412	118244	92869
8982.65896	269	40	0	1.144	1.652	472.472	371.08	286	413	118118	92770
9015.92807	270	37	0	1.148	1.672	479.864	376.884	287	418	119966	94221
9049.19717	271	30	0	1.132	1.756	496.948	390.304	283	439	124237	97576
9082.46628	272	19	0	1.064	1.848	491.568	386.076	266	462	122892	96519
9115.73539	273	11	2	1.036	1.9	492.1	386.496	259	475	123025	96624
9149.0045	274	8	5	1.016	1.916	486.664	382.224	254	479	121666	95556
9182.2736	275	5	3	1.02	1.924	490.62	385.332	255	481	122655	96333
9215.54271	276	6	3	1.02	1.92	489.6	384.532	255	480	122400	96133
9248.81182	277	3	3	1.016	1.928	489.712	384.62	254	482	122428	96155
9282.08092	278	3	3	1.024	1.928	493.568	387.648	256	482	123392	96912
9315.35003	279	3	3	1.024	1.928	493.568	387.648	256	482	123392	96912
9348.61914	280	3	3	1.024	1.928	493.568	387.648	256	482	123392	96912
9381.88825	281	5	3	1.024	1.92	491.52	386.04	256	480	122880	96510
9415.15735	282	3	3	1.044	1.924	502.164	394.4	261	481	125541	98600
9448.42646	283	4	5	1.012	1.924	486.772	382.308	253	481	121693	95577
9481.69557	284	4	5	1.012	1.924	486.772	382.308	253	481	121693	95577
9514.96468	285	4	5	1.008	1.924	484.848	380.8	252	481	121212	95200
9548.23378	286	3	5	1.016	1.924	488.696	383.82	254	481	122174	95955
9581.50289	287	3	5	1.016	1.924	488.696	383.82	254	481	122174	95955
9614.772	288	3	5	1.016	1.924	488.696	383.82	254	481	122174	95955
9648.0411	289	3	5	1.012	1.924	486.772	382.308	253	481	121693	95577
9681.31021	290	3	5	1.016	1.924	488.696	383.82	254	481	122174	95955
9714.57932	291	3	5	1.012	1.924	486.772	382.308	253	481	121693	95577
9747.84843	292	3	5	1.012	1.948	492.844	387.08	253	487	123211	96770
9781.11753	293	3	5	1.012	1.948	492.844	387.08	253	487	123211	96770
9814.38664	294	3	3	1.012	1.924	486.772	382.308	253	481	121693	95577
9847.65575	295	3	3	1.008	1.924	484.848	380.8	252	481	121212	95200
9880.92486	296	3	3	1.02	1.924	490.62	385.332	255	481	122655	96333
9914.19396	297	3	3	1.02	1.924	490.62	385.332	255	481	122655	96333
9947.46307	298	3	3	1.016	1.932	490.728	385.416	254	483	122682	96354
9980.73218	299	3	3	1.04	1.924	500.24	392.888	260	481	125060	98222
10014.00128	300	3	3	1.04	1.924	500.24	392.888	260	481	125060	98222
10047.27039	301	3	6	1	1.928	482	378.56	250	482	120500	94640
10080.5395	302	3	3	1.012	1.924	486.772	382.308	253	481	121693	95577
10113.80861	303	3	3	1.012	1.924	486.772	382.308	253	481	121693	95577
10147.07771	304	3	3	1.012	1.924	486.772	382.308	253	481	121693	95577
10180.34682	305	3	3	1.012	1.924	486.772	382.308	253	481	121693	95577
10213.61593	306	3	3	1.012	1.924	486.772	382.308	253	481	121693	95577
10246.88504	307	3	3	1.004	1.924	482.924	379.288	251	481	120731	94822
10280.15414	308	3	3	1.004	1.924	482.924	379.288	251	481	120731	94822
10313.42325	309	3	3	1.004	1.924	482.924	379.288	251	481	120731	94822
10346.69236	310	3	3	1.016	1.924	488.696	383.82	254	481	122174	95955
10379.96146	311	3	3	1.016	1.924	488.696	383.82	254	481	122174	95955
10413.23057	312	3	3	1.016	1.924	488.696	383.82	254	481	122174	95955
10446.49968	313	3	3	1.016	1.924	488.696	383.82	254	481	122174	95955
10479.76879	314	3	3	1.028	1.924	494.468	388.356	257	481	123617	97089
10513.03789	315	3	3	1.028	1.924	494.468	388.356	257	481	123617	97089
10546.307	316	3	3	1.028	1.924	494.468	388.356	257	481	123617	97089
10579.57611	317	3	3	1.012	1.924	486.772	382.308	253	481	121693	95577
10612.84522	318	3	4	1.016	1.924	488.696	383.82	254	481	122174	95955
10646.11432	319	3	4	1.016	1.924	488.696	383.82	254	481	122174	95955
10679.38343	320	3	4	1.016	1.928	489.712	384.62	254	482	122428	96155
10712.65254	321	3	4	1.016	1.928	489.712	384.62	254	482	122428	96155
10745.92164	322	14	5	1	1.86	465	365.212	250	465	116250	91303
10779.19075	323	28	0	1.064	1.74	462.84	363.512	266	435	115710	90878
10812.45986	324	29	0	1.072	1.7	455.6	357.828	268	425	113900	89457
10845.72897	325	33	0	1.076	1.676	450.844	354.092	269	419	112711	88523
10878.99807	326	38	0	1.152	1.648	474.624	372.768	288	412	118656	93192
10912.26718	327	39	0	1.152	1.644	473.472	371.864	288	411	118368	92966
10945.53629	328	41	0	1.144	1.64	469.04	368.384	286	410	117260	92096
10978.80539	329	39	0	1.14	1.668	475.38	373.364	285	417	118845	93341
11012.0745	330	35	0	1.08	1.728	466.56	366.436	270	432	116640	91609
11045.34361	331	26	1	1.036	1.82	471.38	370.22	259	455	117845	92555
11078.61272	332	14	3	1.024	1.88	481.28	377.996	256	470	120320	94499
11111.88182	333	8	7	1.004	1.912	479.912	376.924	251	478	119978	94231
11145.15093	334	7	3	1.012	1.916	484.748	380.72	253	479	121187	95180
11178.42004	335	4	6	1.004	1.924	482.924	379.288	251	481	120731	94822
11211.68915	336	3	6	1.004	1.932	484.932	380.864	251	483	121233	95216
11244.95825	337	3	6	1.02	1.932	492.66	386.936	255	483	123165	96734
11278.22736	338	4	6	1.028	1.924	494.468	388.356	257	481	123617	97089
11311.49647	339	4	3	1.04	1.924	500.24	392.888	260	481	125060	98222
11344.76557	340	4	3	1.04	1.924	500.24	392.888	260	481	125060	98222
11378.03468	341	4	3	1.04	1.924	500.24	392.888	260	481	125060	98222
11411.30379	342	4	4	1.024	1.92	491.52	386.04	256	480	122880	96510
11444.5729	343	4	4	1.024	1.92	491.52	386.04	256	480	122880	96510
11477.842	344	4	4	1.024	1.92	491.52	386.04	256	480	122880	96510
11511.11111	345	4	5	1.02	1.92	489.6	384.532	255	480	122400	96133
11544.38022	346	3	6	1	1.924	481	377.776	250	481	120250	94444
11577.64933	347	3	5	1.004	1.924	482.924	379.288	251	481	120731	94822
11610.91843	348	3	5	1.004	1.924	482.924	379.288	251	481	120731	94822
11644.18754	349	3	5	1.016	1.924	488.696	383.82	254	481	122174	95955
11677.45665	350	2	2	1.024	1.928	493.568	387.648	256	482	123392	96912
11710.72575	351	3	2	1.024	1.924	492.544	386.844	256	481	123136	96711
11743.99486	352	3	2	1.024	1.924	492.544	386.844	256	481	123136	96711
11777.26397	353	3	2	1.024	1.924	492.544	386.844	256	481	123136	96711
11810.53308	354	3	5	1	1.936	484	380.132	250	484	121000	95033
11843.80218	355	3	5	1	1.936	484	380.132	250	484	121000	95033
11877.07129	356	3	5	1.02	1.936	493.68	387.736	255	484	123420	96934
11910.3404	357	3	5	1.02	1.936	493.68	387.736	255	484	123420	96934
11943.60951	358	3	5	0.996	1.924	479.076	376.264	249	481	119769	94066
11976.87861	359	3	5	0.996	1.924	479.076	376.264	249	481	119769	94066
12010.14772	360	3	5	1	1.924	481	377.776	250	481	120250	94444
12043.41683	361	3	2	1.02	1.948	496.74	390.14	255	487	124185	97535
12076.68593	362	3	4	1.008	1.936	487.872	383.172	252	484	121968	95793
12109.95504	363	3	4	1.032	1.944	501.552	393.92	258	486	125388	98480
12143.22415	364	3	4	1.032	1.944	501.552	393.92	258	486	125388	98480
12176.49326	365	3	4	1.032	1.944	501.552	393.92	258	486	125388	98480
12209.76236	366	2	3	1.036	1.948	504.532	396.26	259	487	126133	99065
12243.03147	367	2	4	1.032	1.948	502.584	394.728	258	487	125646	98682
12276.30058	368	2	4	1.008	1.948	490.896	385.548	252	487	122724	96387
12309.56969	369	2	4	1.008	1.948	490.896	385.548	252	487	122724	96387
12342.83879	370	2	3	1.012	1.94	490.82	385.488	253	485	122705	96372
12376.1079	371	2	3	1.028	1.94	498.58	391.584	257	485	124645	97896
12409.37701	372	2	3	1.028	1.94	498.58	391.584	257	485	124645	97896
12442.64611	373	2	3	1.028	1.94	498.58	391.584	257	485	124645	97896
12475.91522	374	2	3	1.016	1.948	494.792	388.608	254	487	123698	97152
12509.18433	375	2	3	1.016	1.948	494.792	388.608	254	487	123698	97152
12542.45344	376	2	3	1.016	1.948	494.792	388.608	254	487	123698	97152
12575.72254	377	2	3	1.016	1.948	494.792	388.608	254	487	123698	97152
12608.99165	378	2	3	1.016	1.948	494.792	388.608	254	487	123698	97152
12642.26076	379	2	3	1.016	1.948	494.792	388.608	254	487	123698	97152
12675.52987	380	12	2	1.012	1.888	477.664	375.156	253	472	119416	93789
12708.79897	381	20	1	1.04	1.768	459.68	361.032	260	442	114920	90258
12742.06808	382	28	0	1.104	1.708	471.408	370.244	276	427	117852	92561
12775.33719	383	33	0	1.084	1.684	456.364	358.428	271	421	114091	89607
12808.60629	384	35	0	1.104	1.68	463.68	364.172	276	420	115920	91043
12841.8754	385	38	0	1.108	1.656	458.712	360.272	277	414	114678	90068
12875.14451	386	39	0	1.112	1.656	460.368	361.572	278	414	115092	90393
12908.41362	387	36	0	1.112	1.672	464.816	365.064	278	418	116204	91266
12941.68272	388	30	0	1.104	1.728	476.928	374.58	276	432	119232	93645
12974.95183	389	19	0	1.068	1.844	492.348	386.688	267	461	123087	96672
13008.22094	390	13	5	1.044	1.888	492.768	387.02	261	472	123192	96755
13041.49004	391	9	4	1.032	1.908	492.264	386.624	258	477	123066	96656
13074.75915	392	6	4	1.028	1.944	499.608	392.392	257	486	124902	98098
13108.02826	393	5	7	1.012	1.948	492.844	387.08	253	487	123211	96770
13141.29737	394	5	7	1.028	1.944	499.608	392.392	257	486	124902	98098
13174.56647	395	5	5	1.02	1.944	495.72	389.336	255	486	123930	97334
13207.83558	396	3	5	1.024	1.952	499.712	392.472	256	488	124928	98118
13241.10469	397	3	4	1.028	1.952	501.664	394.004	257	488	125416	98501
13274.3738	398	3	4	1.016	1.928	489.712	384.62	254	482	122428	96155
13307.6429	399	3	4	1.02	1.952	497.76	390.94	255	488	124440	97735
13340.91201	400	3	4	1.02	1.952	497.76	390.94	255	488	124440	97735
13374.18112	401	3	4	1.02	1.952	497.76	390.94	255	488	124440	97735
13407.45022	402	8	7	1.008	1.908	480.816	377.632	252	477	120204	94408
13440.71933	403	8	7	1.008	1.908	480.816	377.632	252	477	120204	94408
13473.98844	404	8	7	1.008	1.908	480.816	377.632	252	477	120204	94408
13507.25755	405	8	7	1.008	1.908	480.816	377.632	252	477	120204	94408
13540.52665	406	8	4	1.028	1.92	493.44	387.548	257	480	123360	96887
13573.79576	407	7	4	1.016	1.924	488.696	383.82	254	481	122174	95955
13607.06487	408	7	6	1.008	1.924	484.848	380.8	252	481	121212	95200
13640.33398	409	7	6	1.008	1.924	484.848	380.8	252	481	121212	95200
13673.60308	410	7	3	1.008	1.908	480.816	377.632	252	477	120204	94408
13706.87219	411	7	3	1.012	1.912	483.736	379.924	253	478	120934	94981
13740.1413	412	7	3	1.012	1.912	483.736	379.924	253	478	120934	94981
13773.4104	413	7	3	1.012	1.912	483.736	379.924	253	478	120934	94981
13806.67951	414	7	4	1.008	1.908	480.816	377.632	252	477	120204	94408
13839.94862	415	7	4	1.016	1.908	484.632	380.628	254	477	121158	95157
13873.21773	416	7	4	1.016	1.908	484.632	380.628	254	477	121158	95157
13906.48683	417	7	4	1.016	1.908	484.632	380.628	254	477	121158	95157
13939.75594	418	7	3	1.012	1.916	484.748	380.72	253	479	121187	95180
13973.02505	419	7	3	1.012	1.908	482.724	379.132	253	477	120681	94783
14006.29416	420	7	3	1.012	1.908	482.724	379.132	253	477	120681	94783
14039.56326	421	7	3	1.012	1.932	488.796	383.9	253	483	122199	95975
14072.83237	422	7	3	1.032	1.928	497.424	390.676	258	482	124356	97669
14106.10148	423	7	3	1.032	1.928	497.424	390.676	258	482	124356	97669
14139.37058	424	7	3	1.02	1.928	491.64	386.132	255	482	122910	96533
14172.63969	425	7	3	1.02	1.924	490.62	385.332	255	481	122655	96333
14205.9088	426	6	3	1.008	1.936	487.872	383.172	252	484	121968	95793
14239.17791	427	6	3	1.008	1.936	487.872	383.172	252	484	121968	95793
14272.44701	428	6	3	1.012	1.936	489.808	384.696	253	484	122452	96174
14305.71612	429	6	3	1.012	1.936	489.808	384.696	253	484	122452	96174
14338.98523	430	6	3	1.012	1.936	489.808	384.696	253	484	122452	96174
14372.25434	431	6	3	1.016	1.936	491.744	386.216	254	484	122936	96554
14405.52344	432	6	3	1.016	1.936	491.744	386.216	254	484	122936	96554
14438.79255	433	6	3	1.016	1.936	491.744	386.216	254	484	122936	96554
14472.06166	434	6	3	1.016	1.936	491.744	386.216	254	484	122936	96554
14505.33076	435	6	3	1.016	1.936	491.744	386.216	254	484	122936	96554
14538.59987	436	6	3	1.012	1.936	489.808	384.696	253	484	122452	96174
14571.86898	437	6	3	1.012	1.936	489.808	384.696	253	484	122452	96174
14605.13809	438	12	4	1.004	1.876	470.876	369.824	251	469	117719	92456
14638.40719	439	24	0	1.06	1.748	463.22	363.812	265	437	115805	90953
14671.6763	440	31	0	1.084	1.684	456.364	358.428	271	421	114091	89607
14704.94541	441	36	0	1.052	1.648	433.424	340.412	263	412	108356	85103
14738.21452	442	34	0	1.088	1.652	449.344	352.912	272	413	112336	88228
14771.48362	443	36	0	1.088	1.644	447.168	351.204	272	411	111792	87801
14804.75273	444	36	0	1.088	1.644	447.168	351.204	272	411	111792	87801
14838.02184	445	36	0	1.08	1.66	448.2	352.016	270	415	112050	88004
14871.29094	446	28	0	1.06	1.744	462.16	362.98	265	436	115540	90745
14904.56005	447	21	0	1.032	1.812	467.496	367.172	258	453	116874	91793
14937.82916	448	9	0	1.016	1.892	480.568	377.436	254	473	120142	94359
14971.09827	449	9	2	1	1.896	474	372.28	250	474	118500	93070
15004.36737	450	5	3	1	1.916	479	376.204	250	479	119750	94051
15037.63648	451	6	4	1	1.912	478	375.42	250	478	119500	93855
15070.90559	452	6	4	1	1.912	478	375.42	250	478	119500	93855
15104.17469	453	4	5	1.008	1.924	484.848	380.8	252	481	121212	95200
15137.4438	454	4	4	1.016	1.92	487.68	383.024	254	480	121920	95756
15170.71291	455	4	3	0.996	1.92	478.08	375.484	249	480	119520	93871
15203.98202	456	4	2	1	1.92	480	376.992	250	480	120000	94248
15237.25112	457	3	2	1	1.924	481	377.776	250	481	120250	94444
15270.52023	458	4	3	0.992	1.92	476.16	373.976	248	480	119040	93494
15303.78934	459	3	3	0.992	1.924	477.152	374.756	248	481	119288	93689
15337.05845	460	3	3	0.992	1.924	477.152	374.756	248	481	119288	93689
15370.32755	461	3	3	0.992	1.924	477.152	374.756	248	481	119288	93689
15403.59666	462	3	4	1	1.924	481	377.776	250	481	120250	94444
15436.86577	463	3	3	1.016	1.924	488.696	383.82	254	481	122174	95955
15470.13487	464	3	3	1.008	1.924	484.848	380.8	252	481	121212	95200
15503.40398	465	3	3	0.996	1.924	479.076	376.264	249	481	119769	94066
15536.67309	466	3	3	1.008	1.924	484.848	380.8	252	481	121212	95200
15569.9422	467	3	3	1.008	1.924	484.848	380.8	252	481	121212	95200
15603.2113	468	3	3	1.008	1.924	484.848	380.8	252	481	121212	95200
15636.48041	469	3	3	1	1.924	481	377.776	250	481	120250	94444
15669.74952	470	3	2	1.012	1.924	486.772	382.308	253	481	121693	95577
15703.01863	471	3	2	1.012	1.924	486.772	382.308	253	481	121693	95577
15736.28773	472	3	2	1.012	1.924	486.772	382.308	253	481	121693	95577
15769.55684	473	3	2	1.012	1.924	486.772	382.308	253	481	121693	95577
15802.82595	474	3	2	0.996	1.924	479.076	376.264	249	481	119769	94066
15836.09505	475	3	2	1.016	1.924	488.696	383.82	254	481	122174	95955
15869.36416	476	3	2	1.016	1.924	488.696	383.82	254	481	122174	95955
15902.63327	477	3	2	1.016	1.924	488.696	383.82	254	481	122174	95955
15935.90238	478	3	2	0.996	1.924	479.076	376.264	249	481	119769	94066
15969.17148	479	3	2	0.996	1.924	479.076	376.264	249	481	119769	94066
16002.44059	480	3	2	1	1.924	481	377.776	250	481	120250	94444
16035.7097	481	3	2	1.012	1.924	486.772	382.308	253	481	121693	95577
16068.97881	482	3	2	1.008	1.924	484.848	380.8	252	481	121212	95200
16102.24791	483	3	2	1.012	1.924	486.772	382.308	253	481	121693	95577
16135.51702	484	3	2	1.012	1.924	486.772	382.308	253	481	121693	95577
16168.78613	485	3	2	1.028	1.924	494.468	388.356	257	481	123617	97089
16202.05523	486	3	2	1.012	1.924	486.772	382.308	253	481	121693	95577
16235.32434	487	3	2	0.996	1.924	479.076	376.264	249	481	119769	94066
16268.59345	488	3	2	0.996	1.924	479.076	376.264	249	481	119769	94066
16301.86256	489	3	2	0.996	1.928	480.072	377.048	249	482	120018	94262
16335.13166	490	3	2	1.012	1.928	487.784	383.104	253	482	121946	95776
16368.40077	491	3	2	0.996	1.928	480.072	377.048	249	482	120018	94262
16401.66988	492	3	3	0.992	1.928	478.144	375.532	248	482	119536	93883
16434.93899	493	3	3	1.008	1.924	484.848	380.8	252	481	121212	95200
16468.20809	494	3	3	0.996	1.928	480.072	377.048	249	482	120018	94262
16501.4772	495	3	2	1	1.928	482	378.56	250	482	120500	94640
16534.74631	496	12	3	1.008	1.876	472.752	371.3	252	469	118188	92825
16568.01541	497	26	0	1.048	1.756	460.072	361.34	262	439	115018	90335
16601.28452	498	28	0	1.088	1.716	466.752	366.588	272	429	116688	91647
16634.55363	499	32	0	1.084	1.692	458.532	360.132	271	423	114633	90033
16667.82274	500	38	0	1.088	1.66	451.52	354.624	272	415	112880	88656
16701.09184	501	37	0	1.088	1.66	451.52	354.624	272	415	112880	88656
16734.36095	502	41	0	1.116	1.648	459.792	361.12	279	412	114948	90280
16767.63006	503	38	0	1.12	1.664	465.92	365.932	280	416	116480	91483
16800.89917	504	31	0	1.084	1.716	465.036	365.24	271	429	116259	91310
16834.16827	505	22	0	1.048	1.828	478.936	376.156	262	457	119734	94039
16867.43738	506	14	2	1.032	1.884	486.072	381.76	258	471	121518	95440
16900.70649	507	9	3	1.028	1.908	490.356	385.124	257	477	122589	96281
16933.97559	508	6	3	1.016	1.924	488.696	383.82	254	481	122174	95955
16967.2447	509	7	3	1.016	1.92	487.68	383.024	254	480	121920	95756
17000.51381	510	5	3	1.02	1.928	491.64	386.132	255	482	122910	96533
17033.78292	511	5	3	1.02	1.924	490.62	385.332	255	481	122655	96333
17067.05202	512	5	3	1.032	1.924	496.392	389.864	258	481	124098	97466
17100.32113	513	5	3	1.024	1.924	492.544	386.844	256	481	123136	96711
17133.59024	514	5	3	1.024	1.924	492.544	386.844	256	481	123136	96711
17166.85934	515	5	3	1.024	1.924	492.544	386.844	256	481	123136	96711
17200.12845	516	5	3	1.024	1.924	492.544	386.844	256	481	123136	96711
17233.39756	517	5	6	1.012	1.924	486.772	382.308	253	481	121693	95577
17266.66667	518	5	6	1.012	1.924	486.772	382.308	253	481	121693	95577
